214250
214340
214360
214420
214510
214490
214550
214560
214570
214590
214630
214700
214730
214790
214770
214830
214870
214910
214950
214970
215080
215100
215120
215160
215280
214830
214870
214910
214950
214970
215080
215100
215120
215160
215280
214870
214910
214950
214970
215080
215100
215120
215160
215280
214950
214970
215080
215100
215120
215160
215280
215080
215100
215120
215160
215280
215120
215160
215280
215390
215450
215280
215390
215450
215470
215390
215450
215470
215470
215510
215510
215530
215550
215690
215670
215710
215770
215790
215830
215870
215930
216090
216150
216130
216210
216260
216290
216330
216670
216910
217750
328270
328310
328440
328430
328450
328470
328460
328500
328510
328550
328590
328640
328650
328670
328680
328710
328730
328740
328780
328760
328830
328880
328890
328900
328920
328930
328940
328990
329000
329020
329040
329050
329070
329110
329130
329200
329190
329240
329280
329340
329310
329320
329380
329430
329440
329480
329460
329490
329630
329620
329640
329650
329690
329680
329670
329770
329790
329830
329860
329970
329980
330020
330100
330180
330270
330350
330370
330390
330420
330450
330470
330460
330500
330520
330590
330580
330620
330660
330670
330680
330720
330770
330820
330830
330840
330880
331120
331160
331200
331190
331210
331290
331220
414920
414950
415000
415010
415030
415080
415090
415150
415140
415170
415180
415200
415400
415330
415270
415240
415390
415300
415350
415420
415480
415530
415590
415600
415610
415620
415670
415740
415780
415840
415830
415880
415850
415900
415910
415920
415950
415960
415980
415990
416030
416000
416080
416060
416040
416110
416120
416130
416160
416180
416190
416200
416220
416210
416240
416250
416290
416260
416310
416320
416330
416340
416350
416370
416360
416380
416390
416430
416450
416530
416550
416590
416600
416630
416610
416640
416680
416670
416690
416700
416720
416760
416770
416790
416800
416830
416840
416870
417020
417110
417060
417150
417130
416850
417200
417290
417310
417350
417360
417410
417400
417430
417480
417750
417840
417860
417880
417890
417900
417910
417920
417980
418000
418030
418040
418060
418070
418150
418120
513150
513160
513170
513200
513210
513230
513240
513250
513270
513260
513290
513310
513320
513330
513340
513360
513370
513420
513450
513460
513490
513480
513510
513550
513560
513580
513570
513590
513600
513660
513610
513620
513710
513690
513720
513780
513790
513760
513740
513770
513810
513820
513860
513880
513840
513910
513890
513930
513920
513960
513980
513990
514050
514010
514080
514130
514150
514090
514140
514170
514160
514180
514200
514220
514240
514290
514310
514340
514350
514360
514390
514370
514410
514400
514470
514460
514480
514490
514510
514520
514530
514570
514580
514620
514640
514650
514670
514660
514700
514720
514750
514740
514760
514780
514730
514810
514820
514830
514920
514890
514930
514970
514990
515000
515010
515040
515020
515060
515180
515230
515570
515690
515650
515700
515890
515200
515260
515470
515900
515910
515980
515960
516000
516010
516030
516040
516110
516130
516120
516250
516360
516410
516430
516440
516460
516470
516480
516510
516500
516520
516550
516560
516570
516590
516580
516600
516610
516680
516640
516650
516740
516750
591560
591580
591610
591640
591630
591660
591680
591750
591740
591760
591790
591920
591910
591930
591940
591960
591990
592020
592030
592040
592060
592100
592120
592130
592200
592240
592260
592270
592300
592340
592330
592320
592350
592380
592360
592410
592400
592450
592480
592550
592560
592580
592570
592600
592620
592640
592660
592720
592730
592740
592770
592750
592780
592920
593000
593030
593060
593070
593090
593100
593150
593240
593200
593250
593260
593280
593330
593400
593490
593540
593620
593560
593680
593670
593700
593410
593720
593530
593600
593640
593730
593740
685140
685130
685200
685230
685240
685330
685300
685340
685310
685360
685370
685420
685400
685450
685430
685560
685570
685670
685680
685690
685700
685730
685740
685760
685770
685790
685750
685800
685870
685910
685920
686000
685970
685990
686010
686030
686040
686060
686090
686110
686100
686200
686240
686270
686260
686290
686340
686300
686380
686360
686440
686490
686450
686500
686510
686520
686550
686570
686580
686610
686620
686630
686640
686660
686680
686720
686770
686760
686810
686870
686940
686900
686910
686950
687270
687260
687280
687310
687320
687390
687360
687340
687420
687440
687480
687490
687520
687510
687540
687560
687590
687600
687630
687610
687640
687650
687730
687750
687720
687760
687800
687830
687850
687860
687870
687890
687900
687920
687950
687980
688000
688020
688050
688060
688070
688120
688140
688130
688150
688170
688180
688200
688210
688260